100 0.388885
600 0.842585
1100 0.901507
1600 0.868916
2100 0.907399
2600 0.923603
3100 0.937716
3600 0.907399
4100 0.924789
4600 0.910922
5100 0.913118
5600 0.901034
6100 0.895712
6600 0.90298
7100 0.910594
7600 0.922324
8100 0.920602
8600 0.921342
9100 0.923069
9600 0.938794
10100 0.93756
10600 0.938278
11100 0.936303
11600 0.922765
12100 0.915166
12600 0.920517
13100 0.915068
13600 0.916454
14100 0.9205
14600 0.915612
15100 0.913623
15600 0.913631
16100 0.917866
16600 0.911889
17100 0.909674
17600 0.912555
18100 0.914203
18600 0.917853
19100 0.91724
19600 0.918147
20100 0.919008
20600 0.918883
21100 0.91554
21600 0.915051
22100 0.918544
22600 0.918871
23100 0.913712
23600 0.917012
24100 0.91493
24600 0.917675
25100 0.919149
25600 0.914109
26100 0.917829
26600 0.918121
27100 0.917684
27600 0.917262
28100 0.922046
28600 0.922583
29100 0.922434
29600 0.921632
30100 0.920534
30600 0.921379
31100 0.923447
31600 0.922372
32100 0.923451
32600 0.919726
33100 0.921694
33600 0.923603
34100 0.924601
34600 0.925851
35100 0.925957
35600 0.925788
36100 0.927777
36600 0.927587
37100 0.928189
37600 0.929291
38100 0.928834
38600 0.929648
39100 0.936906
39600 0.936615
40100 0.936089
40600 0.937492
41100 0.938151
41600 0.939027
42100 0.937574
42600 0.940719
43100 0.943566
43600 0.945232
44100 0.945538
44600 0.945183
45100 0.947639
45600 0.945563
46100 0.945008
46600 0.9453
47100 0.94538
47600 0.944436
48100 0.944927
48600 0.945408
49100 0.945087
49600 0.945948
50100 0.946792
50600 0.945122
51100 0.948241
51600 0.947531
52100 0.946649
52600 0.950958
53100 0.951158
53600 0.951355
54100 0.951907
54600 0.95138
55100 0.953334
55600 0.952804
56100 0.950031
56600 0.950055
57100 0.950079
57600 0.948752
58100 0.946611
58600 0.946332
59100 0.946387
59600 0.945461
60100 0.946008
60600 0.945903
61100 0.945959
61600 0.946172
62100 0.945599
62600 0.944103
63100 0.944634
63600 0.946532
64100 0.946278
64600 0.945877
65100 0.946527
65600 0.946723
66100 0.944856
66600 0.94404
67100 0.94338
67600 0.944457
68100 0.943233
68600 0.944153
69100 0.943652
69600 0.943718
70100 0.941702
70600 0.941092
71100 0.940764
71600 0.940576
72100 0.941335
72600 0.941681
73100 0.940826
73600 0.940115
74100 0.940331
74600 0.940284
75100 0.941533
75600 0.941092
76100 0.941041
76600 0.94023
77100 0.940185
77600 0.939765
78100 0.938852
78600 0.939312
79100 0.940626
79600 0.941679
80100 0.941748
80600 0.94242
81100 0.942963
81600 0.943977
82100 0.943083
82600 0.942317
83100 0.941561
83600 0.941047
84100 0.939845
84600 0.940151
85100 0.938969
85600 0.938368
86100 0.938564
86600 0.938534
87100 0.938169
87600 0.939474
88100 0.940653
88600 0.940611
89100 0.940679
89600 0.940204
90100 0.940058
90600 0.94045
91100 0.939131
91600 0.939417
92100 0.940862
92600 0.939666
93100 0.94005
93600 0.94043
94100 0.940392
94600 0.939944
95100 0.940318
95600 0.94079
96100 0.940245
96600 0.939605
97100 0.940274
97600 0.941035
98100 0.939608
98600 0.939576
99100 0.940722
99600 0.941075
